kinematics:
  shoulder:
    x: 0
    y: 0
    z: 0.1625954939550962
    roll: -0
    pitch: 0
    yaw: -4.8054914915385265e-08
  upper_arm:
    x: 3.4296594716918918e-05
    y: 0
    z: 0
    roll: 1.5705043902536162
    pitch: 0
    yaw: -1.198595460660812e-06
  forearm:
    x: -0.42514774128564675
    y: 0
    z: 0
    roll: 0.0011513828894055868
    pitch: -0.00063411116977869406
    yaw: 3.953561193683619e-06
  wrist_1:
    x: -0.39214654939796062
    y: -0.00085626758136075063
    z: 0.1334097391433359
    roll: 0.0064182407460217344
    pitch: 0.00020057962796182557
    yaw: -5.7429813804094241e-06
  wrist_2:
    x: 5.8439419454645951e-05
    y: -0.099609386309148479
    z: 9.2968160447870205e-06
    roll: 1.5707029940642949
    pitch: 0
    yaw: -6.422155733806777e-07
  wrist_3:
    x: 3.5340132852462989e-05
    y: 0.099506641120486503
    z: 0.00016502310655500769
    roll: 1.5724547382678142
    pitch: 3.1415926535897931
    yaw: 3.141592542494104
  hash: calib_740158632896781666